train_loss: [1579.690885424614, 1007.8510986566544, 811.7980042695999, 674.9738869071007, 623.6196943223476, 590.7809646129608, 564.0445929467678, 543.2826367616653, 514.5283575952053, 469.9676685035229, 414.60314877331257, 373.35971453785896, 325.89551033079624, 277.08182633668184, 231.87905231118202, 188.48458901792765, 154.62720223888755, 125.07163187861443, 96.64496071264148, 72.37924278667197, 55.280843040323816, 43.212768357945606, 33.555915107019246, 28.196424141526222, 23.864264838397503]

putest_loss: [286.98424661159515, 193.80804646015167, 168.32779204845428, 128.9326640367508, 82.36370930075645, 75.10977959632874, 73.91071093082428, 67.63527503609657, 80.66533541679382, 62.789671778678894, 71.56476673483849, 72.9060437977314, 83.30216991901398, 85.62310037016869, 91.95922969281673, 118.37598532438278, 177.14675915241241, 142.54674327373505, 166.25101566314697, 169.6239049434662, 161.74392914772034, 174.31101667881012, 139.8909151852131, 182.11381900310516, 168.78996574878693]

prtest_loss: [285.78192579746246, 197.48468399047852, 168.20167583227158, 127.42198842763901, 79.20665949583054, 72.93696719408035, 69.38567641377449, 64.0278726965189, 75.32777360081673, 56.83643138408661, 64.46870131790638, 68.05590963363647, 76.92341546714306, 79.82756572961807, 82.80168224871159, 106.17268979549408, 163.25223384797573, 131.8998417556286, 153.13293716311455, 159.10437762737274, 148.81239104270935, 163.55643782019615, 129.21737995743752, 168.9843029975891, 155.53684228658676]

train_acc: [27.0, 57.0, 67.0, 73.0, 74.0, 76.0, 77.0, 78.0, 79.0, 81.0, 83.0, 85.0, 87.0, 89.0, 90.0, 92.0, 94.0, 95.0, 96.0, 97.0, 97.0, 98.0, 98.0, 98.0, 99.0]

putest_acc: [22.0, 36.0, 46.0, 57.0, 74.0, 76.0, 76.0, 78.0, 75.0, 80.0, 78.0, 78.0, 76.0, 75.0, 76.0, 71.0, 61.0, 67.0, 65.0, 65.0, 67.0, 65.0, 72.0, 66.0, 69.0]

prtest_acc: [22.0, 36.0, 48.0, 57.0, 74.0, 77.0, 78.0, 79.0, 77.0, 81.0, 80.0, 80.0, 78.0, 76.0, 78.0, 72.0, 62.0, 69.0, 66.0, 66.0, 67.0, 67.0, 72.0, 67.0, 69.0]